$ 1 0.000005 1.8479586061009856 48 5 50
v 720 208 720 160 0 0 40 1.3 0 0 0.5
v 720 272 720 208 0 0 40 1.3 0 0 0.5
v 720 336 720 272 0 0 40 1.3 0 0 0.5
v 720 480 720 416 0 0 40 1.3 0 0 0.5
v 720 576 720 528 0 0 40 1.3 0 0 0.5
v 720 528 720 480 0 0 40 1.3 0 0 0.5
w 720 336 720 416 1
l 928 512 928 416 0 0.02 -0.018571428571428572
w 720 576 720 640 1
w 720 160 720 112 1
l 928 416 928 320 0 0.02 -0.01857142857142857
162 528 528 528 640 1 1.95 1 1 1
162 528 432 528 528 1 1.95 1 1 1
162 528 336 528 432 1 1.95 1 1 1
r 528 112 528 336 0 177
w 464 640 528 640 0
w 464 112 528 112 0
162 464 528 464 640 1 1.95 1 1 1
162 400 528 400 640 1 1.95 1 1 1
162 400 432 400 528 1 1.95 1 1 1
162 400 336 400 432 1 1.95 1 1 1
r 400 112 400 336 0 177
162 464 432 464 528 1 1.95 1 1 1
162 464 336 464 432 1 1.95 1 1 1
162 336 528 336 640 1 1.95 1 1 1
162 336 432 336 528 1 1.95 1 1 1
162 336 336 336 432 1 1.95 1 1 1
r 464 112 464 336 0 177
r 336 112 336 336 0 177
w 400 640 464 640 0
w 336 640 400 640 0
w 400 112 464 112 0
w 336 112 400 112 0
w 528 640 624 640 0
r 928 320 928 224 0 160
r 928 512 928 576 0 160
s 720 112 624 112 0 0 false
w 624 640 720 640 0
162 288 528 288 640 1 1.95 1 1 1
162 288 432 288 528 1 1.95 1 1 1
162 288 336 288 432 1 1.95 1 1 1
r 288 112 288 336 0 177
w 224 640 288 640 0
w 224 112 288 112 0
162 224 528 224 640 1 1.95 1 1 1
162 160 528 160 640 1 1.95 1 1 1
162 160 432 160 528 1 1.95 1 1 1
162 160 336 160 432 1 1.95 1 1 1
r 160 112 160 336 0 177
162 224 432 224 528 1 1.95 1 1 1
162 224 336 224 432 1 1.95 1 1 1
162 96 528 96 640 1 1.95 1 1 1
162 96 432 96 528 1 1.95 1 1 1
162 96 336 96 432 1 1.95 1 1 1
r 224 112 224 336 0 177
r 96 112 96 336 0 177
w 160 640 224 640 0
w 96 640 160 640 0
w 160 112 224 112 0
w 96 112 160 112 1
w 336 112 288 112 0
w 336 640 288 640 0
w 928 576 928 640 1
r 928 112 928 224 0 100
c 624 640 624 336 0 0.000063 -7.799999999999663
r 624 336 624 112 0 10
w 928 640 816 640 0
r 816 112 816 336 0 100
c 816 416 816 640 0 0.000063 7.7999999999969045
w 720 640 816 640 0
s 816 112 720 112 0 0 false
s 928 112 816 112 0 0 false
s 528 112 624 112 0 0 false
w 528 112 528 64 0
w 624 112 624 64 0
w 816 48 816 112 0
w 928 48 928 112 0
r 928 48 816 48 0 177
r 624 64 528 64 0 10
w 816 336 816 416 0
o 13 64 0 551 5 0.025 0 -1
o 34 64 0 551 10 0.2 1 -1
